0	13	242	342	232	969	
1	43	521	370	226	
2	325	375	910	354	704	
3	534	642	
4	872	945	
5	718	291	
6	100	362	560	436	600	
7	287	562	370	473	615	386	
8	179	806	756	93	252	486	
9	510	987	360	778	112	954	
10	961	157	15	301	125	100	
11	295	571	741	711	389	732	30	907	549	584	986	
12	844	933	523	709	256	
13	0	523	45	506	721	272	
14	254	61	518	150	648	70	910	
15	693	601	10	520	532	201	
16	246	740	
17	703	373	251	329	
18	908	700	541	725	227	
19	245	
20	199	109	673	559	
21	514	880	
22	727	
23	659	874	215	322	948	422	75	
24	307	506	
25	509	908	176	637	900	647	414	274	178	
26	99	610	604	994	48	
27	396	932	156	352	921	
28	156	153	860	851	892	
29	102	545	184	542	
30	911	113	532	386	11	
31	727	775	394	592	61	577	
32	766	571	463	924	173	
33	523	148	306	202	117	
34	540	304	363	298	
35	254	601	622	364	531	48	
36	443	447	
37	958	513	840	923	965	312	264	
38	617	466	368	779	
39	975	584	
40	968	245	114	151	169	748	617	345	
41	231	668	549	816	371	523	
42	884	609	422	576	652	460	
43	1	161	634	881	861	966	503	
44	970	719	391	605	
45	159	455	939	13	532	
46	529	924	258	432	865	
47	535	981	438	
48	346	26	35	
49	312	702	82	769	737	
50	810	747	450	288	829	
51	859	749	747	908	623	662	
52	622	194	847	
53	715	281	772	416	430	
54	870	719	743	278	962	
55	677	314	237	397	
56	604	833	497	548	77	
57	496	834	213	
58	962	521	237	375	610	175	166	649	724	
59	356	788	99	930	
60	405	699	499	407	100	
61	120	613	545	14	643	31	879	745	230	479	108	
62	993	175	798	258	612	
63	596	553	479	927	
64	922	939	561	807	
65	569	741	165	552	354	
66	936	324	910	271	
67	497	853	330	545	688	133	
68	82	239	
69	588	227	911	893	733	
70	573	665	14	
71	976	269	931	940	
72	506	813	403	998	959	698	
73	209	225	362	168	572	
74	796	319	484	972	555	
75	493	185	944	725	667	379	801	23	
76	241	242	750	328	931	617	
77	911	859	787	535	560	451	971	56	441	98	
78	522	703	942	
79	336	476	197	581	419	776	
80	958	410	549	262	
81	651	263	168	407	464	
82	246	150	225	68	434	454	334	369	49	699	201	
83	453	434	250	627	631	676	647	729	709	
84	250	164	825	112	809	581	
85	481	651	374	386	111	
86	379	280	242	679	326	882	852	427	862	175	
87	708	947	400	142	
88	899	238	452	239	409	429	386	998	
89	582	492	105	596	201	
90	185	147	274	611	510	
91	981	407	211	727	840	
92	108	343	224	990	941	
93	628	131	8	396	797	
94	219	426	178	714	320	
95	513	654	809	736	
96	468	855	953	703	578	
97	693	931	584	804	866	670	827	
98	902	983	77	134	
99	26	59	838	684	296	119	586	
100	6	742	908	551	417	10	60	
101	687	993	
102	157	29	572	729	152	263	304	
103	632	225	487	
104	575	657	912	953	891	186	
105	498	533	365	613	986	89	788	540	
106	157	933	829	232	838	150	
107	671	924	
108	820	92	640	572	590	911	653	61	926	979	
109	301	492	20	736	911	
110	977	990	881	
111	693	861	708	400	781	85	
112	500	162	84	670	9	456	
113	30	475	192	272	823	459	
114	445	40	254	134	589	
115	567	252	134	
116	144	432	557	237	
117	122	847	559	735	610	743	394	408	33	344	
118	251	936	899	367	
119	872	993	99	835	956	734	371	153	
120	996	61	931	395	555	800	408	
121	614	568	286	976	292	363	
122	117	890	256	246	760	
123	505	571	443	
124	794	772	638	647	886	348	
125	839	10	350	718	273	
126	417	142	337	
127	750	665	937	521	858	239	292	923	
128	525	518	952	
129	145	771	767	776	397	
130	710	188	561	
131	93	645	
132	263	416	782	915	885	952	579	487	
133	519	412	353	67	
134	115	114	577	98	
135	475	749	393	
136	149	523	599	
137	530	619	
138	866	640	590	395	901	
139	683	468	421	320	
140	592	538	245	523	
141	811	980	942	527	985	330	635	785	336	
142	126	304	87	
143	492	153	900	906	426	
144	748	642	496	116	534	639	159	
145	129	511	864	720	172	
146	919	738	305	208	
147	762	90	675	769	180	218	666	936	
148	33	
149	136	239	538	653	783	317	905	920	739	560	
150	845	907	982	82	352	406	14	106	
151	40	728	154	
152	102	159	
153	28	143	119	
154	917	570	746	151	
155	224	962	652	591	
156	28	419	27	959	
157	106	102	10	511	
158	628	287	917	831	794	
159	45	715	172	152	903	558	812	954	144	831	
160	997	819	640	
161	43	730	
162	963	112	391	350	
163	200	352	301	
164	711	84	
165	304	65	191	
166	644	289	58	
167	524	351	
168	198	802	356	376	81	73	642	
169	662	40	639	
170	733	969	430	
171	790	846	514	
172	193	159	952	978	145	207	
173	981	483	732	952	32	
174	527	837	254	556	
175	62	727	58	582	86	
176	944	25	692	760	
177	241	994	438	556	
178	442	94	187	406	194	25	
179	8	819	663	
180	147	612	203	287	
181	752	764	822	807	
182	862	546	
183	507	575	
184	514	954	446	359	849	29	
185	90	228	75	841	621	510	989	442	
186	518	930	104	800	669	
187	330	766	867	178	899	844	
188	696	582	130	356	993	284	979	
189	606	778	875	400	326	909	
190	355	957	
191	295	165	633	215	396	681	
192	707	301	113	787	447	662	
193	172	205	997	794	
194	469	52	178	566	
195	759	627	908	361	560	
196	676	771	553	629	667	407	
197	377	79	484	481	741	
198	756	168	552	598	641	353	
199	818	391	20	344	543	650	
200	163	214	394	319	935	
201	940	982	928	993	89	15	82	
202	33	915	
203	886	664	828	562	180	588	
204	727	676	601	
205	858	639	814	755	623	193	475	
206	728	395	864	
207	571	303	823	172	
208	642	146	272	528	
209	571	73	267	801	325	
210	809	902	720	601	637	
211	892	917	91	568	466	
212	797	769	
213	292	426	57	917	709	
214	200	740	656	
215	479	554	191	481	23	938	541	
216	362	861	920	272	
217	726	576	840	286	818	717	
218	552	147	380	770	694	379	288	312	
219	94	737	542	664	445	
220	509	922	
221	644	252	609	919	524	
222	422	300	673	
223	654	
224	92	155	801	697	
225	369	251	760	73	82	455	710	103	892	836	
226	454	336	268	376	728	1	885	876	
227	894	69	537	18	434	752	285	
228	977	185	924	860	321	536	
229	890	451	355	548	563	
230	387	901	838	61	
231	41	276	489	
232	599	898	106	324	531	0	
233	697	
234	473	772	887	
235	408	501	
236	549	
237	612	441	58	303	402	855	55	755	363	116	
238	88	624	728	327	538	306	
239	517	149	88	127	913	68	
240	358	925	
241	76	488	471	177	296	350	515	505	807	
242	382	633	298	0	771	76	86	981	657	937	
243	490	499	345	872	250	
244	886	362	882	650	323	922	326	690	
245	387	40	140	302	19	
246	16	82	521	375	552	927	922	122	
247	977	974	849	640	890	818	833	
248	470	501	
249	547	258	
250	84	340	83	871	243	
251	225	17	713	627	118	901	824	796	
252	489	115	221	8	
253	770	931	515	979	325	
254	14	308	35	292	474	114	174	736	
255	296	755	342	667	871	
256	937	122	412	12	
257	589	
258	989	481	615	404	894	62	46	249	
259	883	644	302	
260	523	881	313	781	818	713	
261	808	397	699	610	694	451	
262	547	80	580	
263	874	81	132	751	581	865	102	
264	933	743	649	37	
265	714	809	995	486	
266	516	424	470	290	
267	434	209	683	
268	490	356	226	279	
269	71	563	438	
270	600	
271	751	66	419	
272	945	506	870	216	113	615	562	13	208	549	
273	478	379	970	581	642	125	
274	519	90	620	381	795	25	410	
275	920	999	
276	835	231	604	
277	474	982	
278	705	684	558	54	505	
279	268	573	592	
280	864	86	823	
281	53	841	939	553	903	
282	316	667	479	376	
283	387	369	974	661	444	
284	371	188	
285	823	672	493	227	
286	121	636	217	504	750	
287	369	7	158	180	
288	501	452	383	559	587	50	852	218	
289	166	612	851	780	795	
290	625	298	843	840	884	266	943	
291	882	425	530	5	943	902	317	
292	396	995	360	213	970	609	254	121	127	902	301	
293	853	550	
294	661	
295	11	586	191	900	802	784	982	769	
296	255	324	901	99	241	489	803	778	
297	367	461	
298	451	440	242	290	403	437	34	605	811	
299	481	330	581	954	830	550	
300	472	337	726	664	849	911	434	543	222	
301	109	816	192	10	573	726	163	769	292	
302	245	635	259	762	
303	880	207	237	871	918	788	546	507	
304	439	165	34	851	808	142	594	102	
305	537	146	416	
306	831	33	646	509	574	238	
307	949	638	778	336	24	351	455	705	471	449	
308	454	438	254	829	
309	616	345	
310	916	575	556	617	792	715	
311	351	777	312	
312	662	651	49	37	562	873	646	656	311	218	372	
313	349	260	629	918	
314	55	
315	607	702	382	
316	282	390	
317	868	361	149	432	357	291	
318	650	613	720	578	
319	508	74	762	200	835	
320	873	94	684	642	833	907	802	139	
321	683	228	
322	888	410	832	778	761	23	749	
323	244	539	
324	520	499	750	296	853	66	376	232	644	540	
325	2	836	691	543	253	638	209	
326	945	928	86	368	244	189	962	
327	568	948	238	931	556	
328	929	690	390	76	356	
329	506	632	501	966	17	831	
330	187	299	559	350	67	635	800	141	
331	820	437	861	669	
332	983	776	733	582	480	497	532	746	
333	871	881	963	985	
334	639	723	82	
335	578	
336	790	226	307	668	79	713	845	141	
337	300	126	666	912	553	
338	843	966	746	344	524	
339	828	937	
340	250	838	
341	355	377	736	424	917	
342	467	255	0	434	585	982	586	398	
343	654	92	440	957	490	959	974	824	
344	536	777	199	338	719	117	
345	426	243	40	309	
346	48	570	941	
347	985	744	555	948	614	
348	124	
349	575	313	386	429	
350	780	772	330	546	241	125	162	821	
351	311	307	623	167	437	
352	150	27	163	569	947	540	
353	865	360	198	585	133	459	
354	543	2	65	
355	190	341	364	700	229	575	512	
356	59	511	268	168	987	328	701	188	940	
357	630	540	638	955	807	317	538	536	612	
358	514	240	395	991	
359	549	904	184	412	614	753	
360	292	598	9	353	
361	317	429	621	195	368	
362	6	216	244	747	73	643	
363	34	636	794	237	722	822	121	
364	355	994	859	517	992	957	35	979	
365	834	385	105	576	692	
366	505	443	821	
367	297	451	680	829	118	
368	900	954	500	326	38	361	560	
369	287	225	283	82	727	903	
370	688	711	1	7	587	881	
371	284	870	766	41	885	119	739	
372	312	503	
373	961	17	
374	429	725	85	
375	2	735	58	246	837	766	964	
376	481	168	226	635	324	282	955	549	
377	341	197	
378	878	743	388	667	
379	405	86	273	940	75	929	726	218	
380	751	463	823	724	218	
381	963	274	473	
382	242	397	797	739	315	958	
383	288	965	
384	686	569	734	484	
385	365	473	971	700	
386	349	892	876	968	501	30	7	85	88	
387	644	283	230	245	685	
388	649	621	901	378	650	
389	873	11	782	964	
390	627	316	395	328	965	574	865	
391	447	452	199	750	438	819	162	493	600	44	546	779	
392	894	577	
393	635	533	135	530	
394	983	31	794	200	117	475	486	
395	576	390	478	120	138	206	358	964	
396	27	292	595	460	719	191	93	733	887	
397	382	261	129	55	
398	988	964	824	688	848	342	836	
399	819	
400	912	87	189	111	
401	682	
402	583	237	683	936	647	
403	576	298	825	72	
404	258	434	906	
405	379	60	912	952	
406	870	178	150	
407	91	81	60	779	196	
408	467	957	235	920	543	117	120	645	
409	88	683	932	
410	322	882	80	740	816	274	
411	599	657	804	560	815	
412	133	359	575	450	256	901	
413	507	917	584	
414	954	480	25	673	
415	464	486	425	552	
416	941	853	132	641	53	305	835	694	631	
417	126	982	100	718	
418	650	669	881	865	
419	156	670	904	548	271	79	
420	807	929	896	933	
421	470	554	139	987	
422	692	719	222	42	948	819	23	
423	719	
424	727	470	266	341	691	655	
425	291	415	
426	94	345	453	213	966	143	
427	888	86	
428	970	474	716	575	
429	374	922	349	585	601	960	361	88	
430	720	525	662	170	53	792	
431	828	
432	539	979	997	810	116	317	477	46	504	
433	937	
434	83	267	300	714	342	82	404	654	653	227	587	451	
435	458	637	
436	836	440	6	603	
437	919	585	665	691	331	451	980	298	649	351	
438	308	177	690	391	47	269	
439	304	818	888	937	479	
440	298	343	873	977	436	
441	829	237	77	999	
442	178	950	849	729	185	798	
443	908	36	366	494	123	944	807	
444	641	526	459	283	
445	114	867	655	219	
446	871	184	943	640	789	
447	868	391	699	696	36	617	192	
448	774	829	
449	307	
450	894	927	50	524	412	697	
451	298	229	77	437	968	367	434	261	574	
452	88	288	709	391	480	600	
453	83	426	524	459	
454	308	812	226	610	924	823	854	695	82	
455	45	307	225	590	
456	495	112	
457	984	827	688	
458	966	435	654	
459	917	566	534	768	453	353	444	113	
460	597	575	396	42	
461	297	909	
462	768	
463	380	509	32	
464	415	878	912	81	536	
465	504	658	654	
466	980	38	211	
467	408	342	846	793	969	597	
468	818	96	744	852	860	139	989	
469	536	194	601	
470	421	248	424	266	
471	241	736	598	307	
472	300	682	699	839	676	
473	234	564	385	7	522	381	619	
474	428	616	277	254	482	
475	976	113	135	394	205	
476	582	668	79	
477	898	666	746	851	432	
478	273	395	746	496	960	
479	215	795	692	282	61	63	439	
480	718	452	332	414	694	
481	376	937	299	258	760	215	85	895	197	
482	732	474	752	739	
483	575	173	696	890	573	
484	513	607	74	197	822	915	563	384	
485	718	785	575	848	
486	980	562	415	999	8	265	394	959	626	
487	778	103	132	
488	241	954	
489	252	296	231	805	
490	268	243	343	998	712	
491	742	614	
492	143	669	89	109	593	707	923	
493	819	75	659	391	285	
494	991	443	
495	978	456	827	669	
496	57	963	144	478	
497	67	56	515	332	
498	105	770	936	
499	585	324	688	243	625	60	
500	946	112	846	368	705	596	
501	288	653	955	708	698	605	329	974	386	235	248	
502	807	739	539	
503	518	859	43	372	
504	465	286	753	432	
505	366	123	781	241	278	
506	769	329	272	703	72	845	13	24	
507	413	567	303	183	
508	319	775	880	
509	25	463	778	220	306	952	
510	9	797	545	185	537	90	980	
511	356	145	691	826	705	157	
512	955	622	528	355	562	
513	484	37	95	536	564	
514	21	184	358	171	
515	565	497	253	930	861	608	241	635	
516	967	827	266	687	783	561	
517	239	755	364	745	724	651	
518	775	186	979	503	128	14	658	
519	133	274	583	757	739	601	
520	971	324	739	964	15	
521	58	246	636	127	684	1	934	
522	599	78	473	
523	260	33	13	136	12	695	41	140	892	
524	167	453	221	450	542	732	338	
525	128	430	863	650	935	
526	444	
527	174	850	714	141	602	930	785	
528	512	710	836	208	
529	46	587	668	
530	841	291	137	393	641	
531	232	593	35	
532	30	656	558	15	332	45	
533	856	696	105	393	896	
534	996	459	610	3	144	881	979	
535	796	47	538	540	77	
536	603	469	344	624	698	513	665	658	228	464	357	
537	971	739	305	700	227	510	
538	641	535	149	140	572	722	357	815	238	
539	432	971	502	323	
540	887	357	34	556	691	535	998	352	324	105	
541	836	18	215	
542	219	693	524	29	
543	354	408	687	300	325	895	199	
544	551	668	
545	61	29	510	67	795	
546	715	350	303	182	391	
547	262	249	862	617	684	
548	569	856	419	56	889	811	229	640	962	
549	953	236	359	80	587	41	711	11	272	376	
550	716	659	293	986	299	676	
551	544	762	100	893	
552	65	198	631	218	246	846	415	687	711	
553	736	196	63	281	337	
554	215	935	421	922	
555	603	120	347	720	873	74	
556	540	310	933	770	174	909	327	177	
557	768	720	938	116	936	852	
558	532	159	619	278	
559	854	330	117	652	288	20	
560	77	411	573	6	195	368	149	
561	64	754	516	130	
562	784	312	203	7	486	272	512	
563	269	484	755	229	
564	473	925	513	650	696	
565	657	515	671	
566	968	459	194	635	
567	115	827	507	671	638	
568	661	121	211	327	921	
569	65	548	881	384	352	
570	917	908	637	346	838	154	773	
571	11	207	209	32	123	
572	853	102	750	589	108	538	73	
573	70	560	301	279	483	
574	627	682	390	306	451	
575	349	104	460	985	483	971	310	485	428	355	412	183	592	
576	697	395	403	883	365	217	42	943	797	
577	914	923	31	392	134	
578	335	586	318	96	778	
579	762	728	804	644	132	
580	262	674	893	
581	263	273	299	79	84	
582	89	590	476	635	332	188	835	175	
583	695	402	768	963	519	763	711	
584	97	918	39	662	413	11	
585	499	806	429	437	886	353	342	
586	295	604	99	342	804	578	649	
587	529	865	549	288	711	370	434	979	
588	69	978	868	203	
589	790	572	257	686	114	
590	866	582	138	108	455	663	
591	954	951	960	155	
592	140	813	31	575	279	
593	492	698	531	793	927	
594	304	802	
595	396	655	
596	63	827	89	500	601	
597	460	467	
598	360	198	471	
599	411	232	675	522	719	136	
600	836	904	270	391	6	452	
601	15	35	638	429	469	918	722	919	794	210	204	596	662	519	
602	527	
603	536	555	738	604	838	892	844	436	
604	56	911	586	603	276	26	926	
605	501	938	298	44	
606	189	855	772	
607	315	484	988	
608	968	822	515	980	
609	292	42	221	948	
610	454	534	117	58	26	261	
611	90	833	
612	237	289	880	62	180	357	
613	61	318	105	688	668	947	
614	121	491	359	347	
615	258	272	7	
616	902	856	309	474	955	740	
617	862	830	671	310	547	38	40	76	447	
618	693	994	953	
619	841	702	558	473	137	
620	274	
621	185	388	361	
622	52	512	626	35	991	
623	640	205	351	51	
624	774	238	536	728	
625	499	290	
626	622	486	
627	574	390	195	83	251	940	
628	93	158	698	
629	743	313	196	
630	695	357	870	892	
631	922	552	83	743	416	
632	103	924	884	329	758	808	703	883	
633	242	952	191	
634	669	43	
635	996	582	376	393	330	141	890	686	566	515	302	
636	286	521	917	363	830	
637	570	25	780	792	991	210	435	
638	307	996	124	357	601	754	325	567	
639	205	334	169	144	
640	623	138	108	446	651	247	548	160	
641	538	674	444	198	416	530	
642	208	144	694	3	320	168	273	897	758	
643	815	61	954	884	362	992	
644	387	221	166	259	579	324	
645	720	131	684	408	
646	816	928	306	312	
647	762	869	720	124	83	25	729	402	
648	14	759	
649	388	761	264	955	58	673	437	586	854	
650	318	244	525	418	564	388	199	
651	81	312	85	517	640	
652	559	824	155	42	
653	501	149	108	434	923	944	769	
654	343	458	751	855	95	465	223	434	
655	921	710	709	445	805	815	595	424	
656	214	532	663	312	805	
657	411	104	565	665	703	903	242	
658	465	704	536	518	827	911	
659	894	493	23	550	
660	701	941	946	771	
661	568	294	283	864	869	
662	792	312	169	584	430	829	601	51	192	
663	656	179	945	785	590	
664	203	300	219	
665	127	914	657	778	437	536	70	
666	477	337	147	
667	282	255	75	378	196	877	
668	336	544	529	476	41	717	613	
669	634	492	703	734	832	186	418	331	495	
670	419	97	112	685	
671	107	617	567	565	
672	871	995	843	762	890	285	964	769	
673	726	20	709	649	222	414	
674	812	641	580	
675	599	147	
676	196	740	825	83	204	957	550	472	
677	55	730	708	719	711	
678	837	818	
679	847	86	
680	996	367	998	787	
681	801	191	822	
682	472	574	401	683	
683	947	792	321	139	409	402	267	682	
684	278	99	521	320	547	645	
685	924	670	387	
686	384	635	589	815	
687	516	543	823	986	101	552	
688	370	716	499	790	613	398	67	457	
689	806	861	
690	987	328	438	244	751	
691	325	540	511	437	903	424	
692	422	787	479	176	365	
693	618	97	111	15	953	542	941	947	
694	862	642	957	218	261	480	416	
695	630	583	718	454	523	
696	752	188	533	447	483	761	564	
697	576	955	233	224	450	
698	975	628	501	536	593	72	
699	447	716	60	261	82	472	
700	355	18	537	765	385	
701	660	356	
702	619	858	315	915	49	943	
703	17	958	506	669	657	78	715	632	96	
704	658	2	983	
705	974	278	511	769	307	500	920	
706	863	865	
707	192	990	997	492	
708	501	87	677	111	
709	953	452	731	970	655	673	833	938	12	213	83	
710	817	655	130	746	225	528	
711	164	11	370	857	587	549	677	583	552	
712	490	742	932	
713	336	251	260	
714	265	527	94	434	
715	53	546	159	703	310	
716	699	952	852	688	428	550	
717	992	668	217	
718	480	865	695	485	946	5	125	417	
719	422	396	423	344	44	54	677	599	959	
720	792	430	908	647	645	210	557	555	145	318	
721	13	
722	601	538	363	
723	939	334	899	
724	517	380	734	58	
725	963	75	872	18	908	374	
726	300	673	934	217	737	801	301	379	
727	424	31	204	91	175	22	369	
728	206	579	238	226	151	876	624	834	
729	102	442	83	647	
730	161	677	927	
731	709	973	929	
732	482	11	173	978	524	
733	170	332	805	396	69	
734	669	119	724	384	
735	375	117	
736	553	471	929	341	837	109	944	254	95	
737	219	726	49	
738	146	603	971	767	
739	520	537	382	519	502	482	149	371	
740	410	16	676	214	616	
741	11	65	197	
742	100	491	712	
743	629	378	876	117	264	631	54	
744	468	347	
745	517	61	980	
746	338	154	477	478	710	332	
747	50	362	51	814	969	822	
748	144	967	40	813	
749	51	135	322	
750	127	979	324	572	931	391	76	286	937	
751	380	654	271	263	690	
752	696	181	482	227	
753	504	941	359	769	
754	638	561	998	
755	517	255	205	981	237	563	
756	198	8	
757	831	975	519	
758	914	632	642	
759	195	648	
760	889	988	481	225	788	878	176	823	122	
761	649	322	696	899	
762	647	147	579	912	551	672	319	302	
763	847	583	943	
764	181	
765	700	
766	187	32	371	375	
767	129	791	738	
768	462	583	557	459	
769	506	147	705	212	49	672	301	653	753	295	
770	253	498	218	556	
771	242	129	196	888	660	
772	350	992	124	606	234	53	
773	570	885	790	
774	624	448	994	858	
775	518	31	508	924	867	807	956	
776	332	129	79	
777	311	344	
778	307	322	189	886	665	509	9	487	946	296	578	
779	407	391	38	853	
780	350	289	637	
781	260	505	111	
782	132	389	
783	818	149	516	
784	562	295	
785	485	988	141	663	527	
786	788	
787	692	77	789	940	192	680	
788	59	760	866	786	303	105	
789	787	446	
790	336	171	589	688	773	
791	767	
792	720	662	683	637	310	430	
793	467	593	
794	124	871	974	394	601	193	158	363	
795	479	289	545	274	
796	535	74	251	
797	212	510	382	93	881	576	872	
798	825	62	442	
799	874	
800	186	120	330	898	
801	971	835	224	681	726	209	75	
802	168	943	295	594	320	
803	964	894	868	861	296	
804	579	411	97	890	586	
805	925	973	655	733	878	656	489	
806	8	585	689	
807	502	420	851	181	775	357	64	443	241	
808	918	261	304	837	632	
809	210	265	870	95	84	822	863	
810	50	432	859	
811	141	868	548	881	298	
812	454	674	159	
813	592	72	748	
814	869	205	747	
815	643	975	411	655	929	538	686	
816	646	301	410	41	
817	710	
818	199	783	468	994	439	260	678	217	247	
819	493	179	399	160	391	922	422	
820	108	849	331	
821	366	350	
822	181	484	608	809	747	363	681	
823	454	280	207	687	380	285	760	113	
824	915	398	652	251	343	
825	798	949	84	676	403	895	
826	511	
827	516	567	596	457	658	495	97	
828	431	894	339	203	
829	441	106	949	448	308	50	367	662	968	
830	617	957	299	636	
831	306	757	158	329	159	
832	949	322	669	936	
833	56	320	709	247	611	
834	365	57	728	
835	801	276	582	119	319	416	
836	325	600	541	959	991	436	837	528	225	398	
837	736	808	678	375	836	174	963	
838	989	230	99	570	106	340	603	
839	954	125	983	472	
840	37	973	860	290	91	217	
841	281	185	619	530	877	
842	946	
843	338	672	983	290	874	
844	936	12	955	983	187	603	
845	150	506	336	
846	921	467	500	933	552	171	
847	763	679	117	52	
848	994	485	398	
849	820	300	184	857	247	442	
850	527	922	977	
851	289	807	304	922	477	28	859	
852	716	468	288	86	557	
853	572	293	907	416	324	898	67	779	
854	559	895	929	454	649	
855	606	654	96	237	
856	533	548	616	
857	941	711	849	894	
858	205	966	127	702	985	774	
859	51	364	77	503	875	810	851	
860	28	840	228	468	916	
861	874	216	111	689	331	803	515	43	
862	617	694	547	904	182	86	
863	706	525	809	
864	280	145	661	206	
865	353	718	587	706	263	418	46	390	
866	590	138	788	97	937	994	991	
867	187	445	775	
868	447	317	803	588	811	
869	814	647	661	
870	406	272	54	630	371	809	
871	446	672	333	794	303	250	255	
872	119	725	4	243	797	
873	389	440	320	312	555	
874	263	861	23	960	843	799	
875	945	859	189	885	
876	743	386	728	226	
877	970	667	841	
878	464	378	760	805	
879	61	
880	21	303	612	508	920	
881	569	333	260	43	110	534	370	811	970	994	418	797	
882	410	291	244	86	
883	944	576	259	632	
884	968	42	632	290	643	
885	773	889	132	371	226	875	
886	203	244	778	585	124	964	
887	540	234	396	
888	322	439	771	427	
889	760	982	957	548	885	
890	229	804	672	122	635	483	247	
891	104	
892	211	386	28	603	225	630	523	
893	580	69	551	
894	659	828	450	392	227	803	258	857	
895	854	481	825	543	
896	420	533	
897	642	
898	232	477	853	979	800	
899	88	989	187	118	761	723	
900	368	295	25	143	
901	296	230	251	388	138	412	
902	210	616	98	292	291	
903	691	657	159	369	281	
904	862	359	600	419	
905	149	
906	143	933	404	
907	150	926	853	11	997	320	
908	570	443	18	720	25	100	195	51	725	
909	461	189	556	
910	2	66	14	
911	604	30	77	300	108	69	109	658	
912	400	104	464	762	405	337	
913	931	239	
914	758	665	577	
915	824	702	484	132	202	
916	310	860	
917	570	459	211	154	413	636	158	941	213	341	
918	927	808	584	303	601	313	
919	146	437	221	601	
920	275	408	216	880	149	977	705	
921	846	655	568	27	
922	631	988	64	429	244	851	850	819	220	246	554	
923	37	577	653	492	127	
924	685	632	107	454	775	228	46	32	
925	805	240	564	
926	907	981	108	604	
927	450	918	246	730	593	63	
928	646	326	201	998	991	
929	420	328	854	736	379	815	731	
930	186	515	59	527	
931	120	97	750	253	71	913	76	327	
932	27	712	409	
933	106	12	264	556	420	846	906	
934	726	521	
935	554	525	200	
936	844	66	990	832	118	995	402	147	557	498	
937	481	256	127	339	439	242	433	866	750	
938	557	215	605	709	
939	45	281	64	723	
940	976	971	379	201	356	787	627	71	
941	416	660	857	92	693	917	346	753	
942	141	78	
943	802	446	763	291	702	576	290	
944	883	176	75	653	443	736	
945	875	272	326	4	663	
946	500	718	660	964	778	842	
947	683	87	693	352	613	
948	327	422	985	23	347	609	
949	307	832	825	829	
950	442	
951	591	
952	716	633	172	405	509	128	173	132	
953	549	709	104	96	693	618	
954	839	414	184	591	368	643	488	9	299	159	
955	512	501	357	844	649	697	616	376	
956	119	775	
957	408	343	889	830	364	676	694	190	
958	80	37	703	382	
959	836	156	343	719	72	486	
960	874	429	478	591	
961	373	10	
962	58	155	548	326	54	
963	162	496	725	583	381	333	837	
964	398	803	520	946	886	672	375	395	389	
965	37	390	383	
966	458	858	338	329	426	43	
967	516	748	
968	566	40	884	386	451	608	829	
969	467	170	747	0	
970	44	428	292	273	709	877	881	
971	520	537	801	575	940	539	77	385	738	
972	987	74	
973	840	805	731	
974	705	247	283	794	501	343	
975	815	698	39	757	
976	475	940	71	121	
977	228	247	110	440	986	850	920	
978	495	588	172	732	
979	750	518	432	253	898	534	108	364	188	587	
980	141	486	466	437	745	608	510	
981	173	91	47	755	242	926	
982	417	150	889	201	342	295	277	
983	332	394	844	843	98	704	839	
984	457	
985	575	347	141	858	948	333	
986	105	687	977	550	11	
987	690	9	356	972	421	
988	398	922	760	607	785	
989	258	899	838	185	468	
990	707	936	110	92	
991	494	836	358	637	928	866	622	
992	717	772	364	643	
993	62	119	997	188	201	101	
994	364	177	818	848	774	618	881	866	26	
995	292	672	265	936	
996	120	635	534	638	680	
997	160	707	432	993	193	907	
99